3427
4470
5963
1872
5572
2883
347
5928
66
4236
1407
2461
1536
3142
9
3507
2947
3792
4660
492
3232
3619
5362
354
412
1474
5675
2257
819
1905
1186
3144
4975
4495
4896
4441
4290
3525
4204
2571
5354
6035
1451
1959
587
653
5413
5131
424
5054
2980
709
2251
2915
3449
1938
5434
6589
4446
6478
6141
5974
4671
1264
3271
1552
3147
2179
2612
73
3296
1974
3593
434
2163
3444
594
6422
5269
1637
5072
3136
2843
1830
4825
3202
2188
5008
1689
1157
5597
2689
4377
5729
5320
3331
6470
4081
1469
24
2440
22
4285
3740
5193
5317
5427
2415
5749
5924
1787
2709
5287
1730
462
1877
5640
4998
5781
5234
5580
3518
5033
3913
2287
4349
521
6401
976
3283
59
54
2142
5832
3570
2769
3468
6182
3927
4494
3148
2479
4956
4219
1597
6136
991
6512
869
169
3500
5874
1477
740
3926
6522
4121
4803
3314
1188
5891
5399
5349
4007
3274
4344
5135
3677
1843
510
3632
2083
4678
883
1818
5207
5648
407
2108
4908
5700
3637
3293
2581
6123
239
1623
4622
3212
3861
2000
6428
2794
215
1261
3442
5840
1312
1621
4996
5624
3911
3966
5332
6331
4568
1324
3289
1119
3686
2135
6226
2556
3008
6496
5750
6156
2942
3993
4415
432
607
1154
37
2458
79
918
222
3415
818
5634
2814
2151
3836
6535
1930
127
3998
163
274
2546
3493
5902
4551
1835
4235
258
5079
2086
4553
5565
2847
617
1746
3788
2103
2708
1986
4980
5518
2775
2589
1676
329
5875
6499
4702
3002
1797
1631
2007
10
3452
6256
4646
2493
5577
1766
6005
795
756
5995
6479
5263
3638
4003
666
2585
902
966
2102
3986
2195
6516
1258
6365
3425
1199
6460
1749
1565
488
5584
4859
1395
5217
2695
3047
2553
2335
5206
3272
4279
4402
5985
5617
5176
5056
4427
2951
1632
1449
6388
4196
3742
3204
3082
1397
3120
3552
3582
4922
3215
26
1784
419
4993
2821
3523
359
421
6490
1720
1655
1225
4928
4071
3752
5464
3046
1034
6348
3390
120
2022
4799
6177
3726
6103
2337
1007
5800
5567
1996
2034
5219
1995
4769
6564
2319
4355
4629
4144
5932
6528
5172
2413
6524
5192
3768
1429
4808
3121
1380
3084
1384
2231
5769
4628
5904
5556
954
1356
774
1317
2963
5592
2839
2752
1733
6530
5521
1056
6431
4318
1224
4685
569
931
4585
2175
1075
4442
3810
1832
3852
4345
2087
4125
2360
2298
1105
577
5178
1882
6435
3474
1584
2120
1983
2459
4978
4252
2966
5684
4297
1223
5981
5414
255
1106
2578
6441
5528
2946
2569
2004
5669
2603
3962
2784
5726
1639
1246
1566
2211
6446
2326
3697
4352
2126
2465
680
1764
6576
3618
3529
2165
6423
3517
5137
4546
4393
457
2988
404
1928
1055
3832
5468
2099
4061
3627
4145
1217
2268
6414
3814
5429
5706
4969
351
4748
2297
3772
4744
4584
5687
5901
5508
867
5341
2971
626
1812
312
1373
6129
4388
2089
4284
4167
854
977
5917
2232
3122
113
4814
2210
1374
4166
4056
3116
4915
5006
6450
4013
2115
6359
6592
2293
5721
3125
5793
3197
2393
56
2884
3460
2749
2146
5226
1134
5463
1534
2039
131
5515
387
6257
1716
1861
3365
3863
1194
4462
2671
4486
1054
1583
5195
94
1530
915
88
6346
6180
1251
672
4561
5962
5516
3760
5314
5548
1833
4334
4607
382
58
1670
2520
5825
2276
2669
939
4853
6586
1416
5707
1113
5319
2996
3914
3829
5828
2714
181
561
6162
2807
2859
5842
5490
5069
6368
3918
1172
3438
5059
6581
3557
5108
778
4800
1998
3273
4338
5959
5348
5214
963
4014
3441
1578
3342
423
5550
5710
3578
884
2271
2157
2058
6452
5050
5208
5306
1165
5472
1858
427
3690
3237
4684
4468
4540
1259
5126
6318
4933
2837
1963
1345
3074
2574
3429
1970
2119
1781
1260
875
6200
4203
2715
3408
3078
4304
5844
5489
6041
190
2658
2631
1423
1410
3973
1980
3575
2456
5149
1758
1992
5161
6408
4293
2494
159
3893
1771
2324
2370
1204
5049
5271
5663
3860
4543
4480
1450
5390
5727
858
2932
3233
3555
3128
4440
5493
2665
4955
2791
4985
2594
3406
695
2202
1573
5513
2999
1439
135
6299
4951
29
3978
2856
4087
3665
402
2433
1381
6210
4656
3937
3984
4931
6109
3766
6558
2454
3217
2703
344
2462
3503
905
4110
2656
165
3724
2014
3959
3965
3258
4472
4797
109
5110
1707
3173
3882
3950
1444
3393
5818
1794
3831
498
82
2817
6438
3515
573
1167
2071
1135
4534
2019
1471
5294
4040
2418
2563
449
1712
2438
3317
6273
2316
4359
6432
6169
1952
1824
107
1610
6609
2592
2618
3987
5775
4604
6096
829
5762
1484
2567
6031
534
6325
3947
487
2322
4591
1967
1483
3698
2003
36
2835
1041
6527
3399
6153
1918
1329
1336
5912
4439
3606
4837
2097
2384
1485
5081
3946
4286
1117
4454
3420
5252
5557
379
3286
657
3335
5911
3110
1116
6230
2630
1831
2508
363
4886
2436
6378
674
5058
1181
554
3929
5948
609
1083
1163
3213
3612
4128
3878
4436
2538
1490
4957
2186
775
5369
6028
4018
1579
2517
5194
6307
3667
4126
1138
4198
5540
603
3895
5000
4502
4469
1448
3334
2978
1820
3332
5558
4522
3892
4117
5295
6400
6556
2420
591
3750
5496
2006
228
6569
6025
5106
4989
584
4497
6596
4680
102
1594
6138
4894
6127
4011
381
2005
4396
3754
1901
5462
4552
33
3817
940
2318
1065
4343
5361
2062
1048
1870
725
3644
3657
4645
3282
6036
2680
2197
1376
1479
6610
4045
3847
129
2713
5615
733
6480
5475
3152
857
2240
2620
1156
1946
3184
3786
3511
3595
5579
6185
5374
6222
983
2943
5543
2475
6412
3996
627
5443
4819
1239
2497
3495
5103
1822
2900
2152
2311
2343
2224
565
4874
408
1810
5636
681
6344
1071
4787
5433
3016
2321
4929
3466
3140
998
2531
5568
1819
5053
3699
1155
5384
6451
706
4342
2249
119
3369
5302
1039
3968
416
1885
971
336
47
3310
103
2492
2566
3277
1455
2374
1430
708
3174
3005
3528
3049
3823
1933
2595
3694
6009
4967
3290
2504
4909
2312
4201
5419
613
6513
1890
2802
3451
4258
1496
3573
787
2747
3446
2711
5343
6139
4371
5186
5264
649
5101
2535
2199
5679
2339
5041
1606
1220
921
3935
4614
1467
2228
2379
898
2887
1445
2064
2904
1847
1437
2991
3910
2721
2403
460
2325
6192
2320
4063
2511
4280
5681
5846
1803
2068
6444
5809
1342
3866
2806
2028
6421
5813
4175
6053
6023
1168
328
3089
2979
3994
4916
4743
1334
3955
560
912
2183
3020
386
5321
1750
4101
3410
366
4333
3077
4973
6183
911
5292
5519
414
5505
1972
3492
5790
2870
5274
3777
2363
4669
4190
2804
204
1446
6600
4119
5457
3087
5642
3870
2355
6613
5960
6228
793
3875
6068
4681
2805
1860
23
3577
4776
791
12
3108
4017
1089
6472
4356
4891
4504
3280
1489
3611
3155
2192
3385
846
4233
6040
658
1684
3131
5507
3167
289
126
5934
5458
6081
3669
3613
4181
2300
4580
6323
2968
1202
6142
4320
6459
6211
3915
364
5503
5893
4736
286
2397
2216
345
6582
3924
1817
3171
4578
4976
454
4209
1651
3461
2353
3413
5600
4256
1388
320
3337
2513
376
2207
3917
69
2679
5406
2534
2998
1968
1575
2400
2862
1406
5389
212
3759
3971
5190
1961
596
5142
980
839
2453
2281
3278
6147
5125
2332
4255
13
2684
520
1667
6011
2499
2667
2688
1112
3703
4052
5483
1402
5991
6003
3327
3075
6274
647
6543
700
2611
5379
6060
3115
5826
4501
3542
1081
5235
644
6393
1570
5088
5213
2846
5990
4159
2825
5560
556
4963
6523
4866
3951
5847
1859
504
5281
3214
4010
2923
5282
3097
513
5829
2877
1876
4271
4189
38
2075
295
466
5969
1765
5965
2682
4244
4783
3081
3728
5275
3512
3830
1068
2302
1061
2518
6111
4823
5060
1732
1524
836
2130
3662
5971
5165
4000
4851
5029
1346
3858
4943
3674
3793
4366
5785
1082
4510
6334
5144
1814
1943
1957
543
4632
4197
6493
368
2638
3624
5509
5422
1547
2970
1630
6284
651
393
2649
5297
961
2246
5014
4521
4230
2696
4225
350
1009
3187
2599
3428
5078
2976
6536
4490
4445
2568
4652
2754
4348
1917
575
2330
6468
3923
4828
326
3432
4542
5656
2344
6319
5953
590
5788
4423
5609
1144
385
4905
4291
1694
4138
6159
6611
4821
973
3975
2697
4583
4737
122
5783
3747
5221
3931
4354
4265
6010
783
748
5655
4570
4920
686
758
5024
2233
2389
3013
3170
5737
3137
1498
4094
5967
25
1633
185
4771
199
5914
4668
294
4294
3544
796
3562
5095
5333
687
3748
2212
2610
3303
2356
6279
1652
356
2716
6293
6146
685
5272
6248
1422
2899
2141
4227
2820
670
600
4507
2156
2241
17
4251
2895
5723
6591
4168
5993
2616
5804
4795
6347
5559
6012
4350
5756
6533
933
4586
6552
5612
6554
4529
1813
3207
2107
4818
5541
4524
3230
2686
1160
4925
2796
4437
1747
1281
3057
6315
5499
68
4573
5951
3489
2466
1693
5955
4184
2427
988
105
2591
4519
5690
5814
1635
834
4327
3085
5010
1127
5171
519
1125
5770
2758
2651
3225
4082
2349
4880
5936
1355
297
6482
4872
167
4163
1590
260
5523
5122
2822
5876
4229
3196
2225
3635
2507
2254
3704
5957
1899
4960
2390
1888
4855
2543
3379
4062
6324
968
6531
4850
4347
227
1273
4133
1949
4875
2588
6263
1333
142
1927
1915
2600
4712
1025
3328
3693
4200
2797
2158
3650
3652
704
4481
5933
1836
1553
604
89
4369
1748
4860
6302
3648
1505
2967
1158
5394
4057
3402
2307
306
1413
4266
5397
4336
4132
400
252
1420
6059
2437
95
4148
2467
1846
1332
6604
1644
3590
3956
501
3295
477
5862
5645
2221
5026
4514
1638
1710
3447
1958
2124
1801
1719
207
170
6448
1521
694
3567
5610
675
4270
3773
5927
2927
4512
2422
5585
4134
4517
2759
3210
224
2206
1902
5109
5672
5822
2953
6573
6383
1390
4095
5170
982
4321
5035
2450
2503
5848
3025
4064
611
6332
3604
1042
5330
5250
3156
5040
3392
890
2095
5705
2194
6579
5787
1164
4941
5025
1964
1804
6375
4971
4274
5527
2641
5851
4979
6397
3222
1881
4150
6618
3226
433
4051
610
2897
4667
6545
6355
2483
3713
4709
1660
3469
855
6154
639
4492
330
3609
2593
957
2100
2460
4801
2740
5973
3841
5697
5998
3166
904
6170
2127
1628
4351
6212
6308
4249
6349
1960
4142
3242
4793
3901
2748
4923
1353
6567
4488
5643
5748
1739
841
6120
3651
5670
631
907
4074
678
2371
3022
4231
3414
6590
1680
1519
2639
5738
6187
1120
4044
759
3341
5975
3178
4566
4815
70
3532
2762
5915
6219
1325
6044
3819
5587
3257
1806
6483
1700
6416
420
4208
1010
624
2851
4750
5680
6619
4426
592
3797
4755
5257
1723
1849
809
2645
437
1201
4548
4254
803
8
4805
3220
250
117
2521
2601
3541
3538
1226
1091
3565
5070
1672
2584
4106
223
2358
4357
1714
1321
3036
401
1085
2627
790
2394
195
6235
6310
6542
3240
1965
1978
1979
4970
1040
544
768
2882
5637
3885
3872
6021
665
4239
926
5242
6594
629
1588
5004
4027
4137
5590
2836
5806
3763
6092
2128
1283
1731
1086
1683
3581
6202
4577
4498
3009
715
530
760
5141
5506
4533
370
6369
118
5695
6453
6360
5001
660
52
1886
5691
2840
3930
861
546
4001
1492
4576
4547
4802
6429
1761
4966
6287
3643
1069
1294
2021
6411
4069
2570
2057
2629
6608
6327
2187
2242
1941
4661
4102
4387
1532
6389
1741
2017
2484
5894
2468
2810
3351
2925
1945
4182
6072
1123
4940
4487
254
4122
3588
1785
1569
18
3445
4143
1728
993
6413
850
3479
4555
483
2010
5546
6272
2230
5714
1132
5918
3456
924
635
5019
640
2367
5027
4812
2773
2674
3123
1738
6039
5293
4781
4026
5511
1326
5453
6477
4659
5396
2265
5739
6508
2376
3403
4479
6425
5092
81
4268
6436
3516
2894
5574
4260
1668
5
237
3251
473
1815
5003
5121
540
3506
5173
3537
5922
3977
5179
4149
6317
4070
6268
2542
1614
6278
722
1726
4674
1937
5031
6405
6105
2244
1611
3586
1305
197
1200
3106
5393
2903
154
436
3307
3775
5881
65
6006
1912
4269
3530
5160
5034
4099
5278
908
3749
1311
3096
928
2190
3550
4247
5593
5450
2496
3276
2032
4773
1790
4202
5454
1308
1677
6045
1867
2308
1006
4212
1228
2732
4220
2917
6580
1087
5152
2013
1665
1139
4491
2985
1950
723
1696
6281
6285
6358
248
5803
5889
2464
2035
193
1409
2159
3179
3874
5520
5531
3997
2180
1845
2299
60
2767
4246
570
4885
689
5854
572
5797
4278
1863
2731
1753
4784
4913
1889
6026
5442
116
4262
5811
3614
2547
536
1271
4411
3487
4701
6339
2173
6259
48
989
4400
5980
5563
4406
2613
1947
6563
5823
3801
6407
845
3653
4090
5016
2027
1903
4207
4738
5569
2827
2982
2896
307
691
4358
1921
5099
2969
5761
5086
4420
3543
4637
1951
6374
5502
643
5512
4301
5174
1375
2200
2648
151
5409
3735
5929
1442
2811
5716
3497
179
2412
32
5233
2383
5426
4405
4340
6571
5660
2938
4694
390
1555
549
2864
4593
668
5405
4028
5298
1078
1935
4162
6485
3382
5009
5247
149
1697
3730
4180
1005
887
5030
1219
4455
2198
5751
3350
1243
1800
6148
1691
2937
3482
410
4698
6330
4451
2452
1232
2352
1109
3509
1645
2294
4917
1183
5586
4537
4404
909
4478
3105
4965
4531
3770
5533
5599
5999
1990
3066
5370
1175
1035
6461
3799
4856
2523
4662
2920
40
3510
1580
3459
3989
315
5492
2448
1268
3569
5435
5303
2974
4852
5138
4952
4539
1170
3862
1486
4559
4734
4721
2956
1468
5868
5907
262
4259
5885
2615
11
4397
555
3564
3744
3042
1141
396
2426
6497
3598
4088
938
2490
279
2718
1923
2742
5766
3705
4746
1713
5799
5338
4130
5817
5740
5241
5215
3751
6029
5048
5430
5497
2733
1997
2506
3033
1020
1735
3180
736
1319
133
374
4572
4034
467
4798
243
3124
1776
2879
3890
6519
1501
856
3706
1515
1318
5015
5552
5073
720
80
4688
6518
6471
5961
4484
5725
2885
4716
2728
6063
4305
4731
632
2831
1037
3158
5987
3881
4313
1826
4375
2596
4129
2037
4598
1491
5604
4544
2842
4914
4788
3684
1931
490
862
1842
3453
5913
6443
1878
4599
1879
914
4822
2852
4653
6328
3970
3625
2031
1737
6605
1152
1195
1850
5720
2150
2619
1101
1769
4194
4618
6404
5619
1173
19
1440
86
5478
16
6250
2388
4392
214
5821
3654
3531
5350
164
2247
6489
4191
2739
5542
5268
1780
2366
2149
322
6555
280
1773
3352
4073
71
4170
682
4849
6249
3292
4036
4655
4326
6392
444
6553
6114
2888
3806
2525
93
1359
3471
5118
3103
6546
3029
1563
4602
5251
3560
3600
1919
888
1478
2550
2184
5758
317
5476
5629
3181
5335
3719
6379
6440
4116
655
5855
5156
4600
1705
3043
4889
4785
1571
769
2901
807
446
6030
645
599
1027
2042
1301
567
1629
2510
380
1241
6052
2952
2829
6481
6597
5473
5742
3377
4848
4474
3843
5340
3659
2557
4444
3284
4758
3380
2548
3549
6286
5261
817
6537
2597
3031
2962
1793
2858
2781
2995
810
509
6455
3494
2060
5856
3388
1197
1608
3313
3783
198
1993
4516
6017
85
302
5529
4959
1865
2439
6251
5526
1370
508
3364
4666
5311
3311
5196
3668
5357
1564
5286
5301
3247
1777
226
3154
6492
2009
6565
3765
944
842
3533
2640
428
714
5243
6602
468
3615
3688
1011
1664
5827
459
1464
6238
3664
2972
2799
2965
1320
1887
571
4083
4195
2838
4414
5554
849
3323
851
6603
506
4824
648
4447
2655
5127
1218
6014
99
281
728
2269
4838
4810
3435
1045
4789
4038
3710
1690
6595
2409
2181
1506
4399
5401
5143
669
44
430
5871
115
1302
3504
2309
4299
3112
1617
3880
2080
6265
5334
5200
4723
3985
1438
2670
5878
4452
656
516
3952
4097
4869
2954
5211
6399
5448
3898
5647
3312
3941
5784
4267
4450
4535
5930
4939
3828
6584
3026
5460
562
5246
1458
5581
750
1743
2905
3397
5626
5852
3753
2411
1432
2053
4845
6391
3248
375
5415
5159
3383
5736
2382
1344
5410
6343
2061
441
1174
303
1023
6018
3816
6232
2576
5199
3161
2488
1150
3499
5304
3091
605
210
738
5949
4329
5650
4155
1612
5151
448
3138
265
4156
1293
4926
654
4482
5746
1853
5237
4704
208
5534
3054
1222
6215
3373
3640
2442
4131
3354
493
4004
5255
6509
5659
3963
4831
5764
3261
1892
4412
327
6237
3472
2147
3601
3995
4386
6333
5402
2069
6234
3343
4272
5064
2502
3285
87
2505
3235
1540
825
4421
3205
2928
5091
896
1788
3423
6145
2803
3485
4467
5451
815
2536
2826
3671
798
5668
4223
43
6587
1230
1366
4165
5732
3038
3455
6467
2377
6504
4407
4428
3922
1274
882
4924
3480
3787
1619
2105
1648
3072
3160
2154
1169
3045
5618
391
2256
201
4613
5420
1770
4888
3675
3418
1568
710
3297
4722
2587
1650
5713
3732
1371
2171
4623
309
4108
5677
1868
6560
2699
925
6277
3645
2138
2387
4146
3458
6204
1350
5392
5066
5114
5880
3649
1315
5709
4813
1094
943
3092
5537
4465
5983
4867
2214
3111
4080
2929
5673
4430
5835
4078
3252
2091
3063
3264
5532
995
5898
3129
2528
4009
2933
3909
1262
1031
2088
765
960
5651
4154
2134
5970
4147
1971
1043
2008
853
3712
67
5398
75
1969
3221
91
1729
1599
1209
3113
1755
2178
6134
171
5988
417
3195
574
2081
992
5566
4999
4311
2753
5638
597
2196
4708
5116
1556
4383
2033
3776
5602
3250
1802
3211
2875
1778
5382
3551
1622
4008
3633
679
157
5616
1136
1527
5888
1775
2643
4307
3132
3100
6427
1192
2551
5488
5467
5388
3980
2291
2258
6167
837
844
3015
969
1016
6166
4675
3826
1944
4619
5724
1412
1543
1133
2177
4315
1372
1102
1807
3867
3846
6357
4745
234
5919
3856
1405
1002
659
878
3779
3032
4606
4022
1529
1906
1636
1000
2564
1554
4319
2280
990
373
5685
4974
30
6173
6385
3299
2955
3957
2849
6121
4757
1427
4525
5013
3153
1508
5452
2798
305
539
5939
5789
1110
2530
4792
3319
3921
1254
900
2485
2647
6163
2907
3603
745
895
4024
4753
2902
1004
4833
3974
5947
3574
2391
2477
6601
2683
3229
633
3559
5181
5757
3988
5538
4588
3949
1278
5147
4700
480
4846
290
1523
1300
4751
2235
6007
5778
3371
5201
4772
3636
1003
1507
5646
4729
3757
1924
1378
1768
3003
1856
6361
2922
3646
5652
1869
3660
1727
6345
1159
3778
3238
464
3545
5683
3424
2066
6116
6548
2770
6572
6130
1592
3513
4747
4796
1415
693
3857
3815
6309
3051
526
3263
935
3568
6549
3018
3729
365
4302
3928
4019
111
2059
3932
2189
1118
6020
2668
5535
1021
4152
1799
6402
1434
287
5084
2305
6000
4760
4398
399
4298
2226
4826
2529
6442
1360
5245
2687
2401
6457
1659
435
2867
811
5942
5665
1203
5887
712
5545
6395
2096
2357
1585
31
3897
4151
4459
6174
4742
2828
1140
2666
1247
5920
6246
300
335
4178
4835
950
2848
684
3095
261
4832
3464
1149
2018
6398
4958
5833
788
3325
4882
1263
3498
3781
3275
4240
1855
2635
4037
1466
1307
6213
236
2844
2245
6048
4620
1096
1022
4765
1104
2041
5864
1108
2498
5873
4895
1107
1789
371
270
5111
14
1779
491
5162
4870
3216
6066
6181
4569
3329
1347
1367
1024
4906
1064
5562
2562
3780
6506
956
3231
2628
471
3868
1695
6084
5363
6151
475
1884
1494
5495
27
947
4187
2457
2243
1502
5834
1166
5701
623
3855
5136
582
3060
4972
338
3558
3811
2201
701
5977
5722
1942
1999
2348
4039
1509
4104
5062
502
283
2277
527
61
2633
5312
923
4595
5466
3906
6113
4372
6108
5266
7
5191
3172
5284
4438
3508
422
15
5986
1982
949
3384
445
676
987
5290
4590
3118
6321
1365
6037
4135
4847
2945
4186
5119
6311
1237
5154
5210
1823
1314
1948
804
3041
1129
2890
5061
1452
3972
2063
6568
3339
3631
3658
1932
5005
5860
757
537
2334
739
5807
6110
2577
6223
5696
766
3320
3691
5575
6502
4140
2229
3440
1589
6164
5950
1681
162
5164
5882
3904
5644
614
2238
5547
6551
4316
1392
6221
6381
5674
5012
677
377
6190
718
1018
5082
1531
792
1391
2744
4876
2997
579
4091
5440
4391
186
319
2079
3268
3076
4714
4840
0
5525
730
6013
3431
2816
5795
5968
503
50
2515
1403
6008
266
2443
5801
4676
362
2049
4883
6161
5256
5791
2626
5376
743
5583
1130
1953
481
3774
5100
1934
1330
2560
559
2430
3746
1100
3052
2661
494
3117
3348
353
1682
3745
166
859
945
5155
1936
2994
3736
2926
1049
1122
2055
3400
5712
3218
2285
4508
2129
4695
5872
4367
2512
1249
6089
4997
1567
5759
1600
2891
4775
2830
934
3864
505
3785
3189
2949
2011
5859
2109
922
1939
3405
2755
6396
429
595
5976
2921
3287
2722
1338
1874
4185
1441
2110
156
3561
1647
2272
3496
4879
3715
1400
3725
4538
3367
4153
205
5853
4682
6203
3767
608
1512
313
3626
4696
5923
1722
6261
3571
3080
5087
4608
5571
1352
6100
547
3566
1313
5845
5664
6276
6419
1012
4919
1607
3739
74
4868
5658
831
1487
779
2218
1404
4289
1095
1306
6243
6466
6064
4589
6390
3374
2469
175
1148
1472
383
917
2614
6267
3607
3656
3030
5798
4448
6541
625
2045
3208
1643
5425
2162
6172
5906
5404
6171
1296
1841
5128
5794
1335
612
5596
4171
5892
2623
4328
5576
1929
2886
4503
5622
1759
5407
4353
1791
517
4314
4457
5431
5342
2663
4471
5439
5978
1050
176
5776
1864
384
2690
4124
2992
5994
4726
5808
3127
4806
5819
812
5230
2286
5555
4520
711
1036
6426
959
4222
1955
4460
4902
4323
4332
3722
2706
4161
4047
5989
1499
4033
5395
6294
1482
2673
6206
4616
4035
203
5145
5432
1236
6242
4663
6087
5373
2342
5021
5313
219
1922
4986
288
2723
472
6484
1572
4777
2220
6133
782
3422
3185
1277
2734
2863
2776
4453
5367
1143
2559
4948
259
5921
727
3711
292
5093
5456
1657
3579
6055
535
6195
3298
4389
4670
378
1387
4179
4829
5198
3716
28
5662
6297
4770
425
6131
3822
2617
1383
3835
5857
4513
5661
3270
2874
1001
5943
5421
3720
5324
1687
1577
4242
816
1115
3094
5184
3488
6269
4429
4435
3119
781
2098
6004
568
6033
3849
6080
1238
4911
5958
4790
6298
3098
3700
692
3755
6085
533
4878
177
3743
2719
6093
2756
2047
4023
1649
1718
2880
4636
5744
879
5883
3176
3976
4206
3782
3236
2561
1522
3416
664
5553
753
6207
2474
5011
805
5115
6079
4385
3871
4644
2106
2779
4068
4763
4473
2854
802
4558
1285
2993
3663
3879
2213
1560
90
2361
2555
4443
1145
936
392
731
5641
5760
3764
1774
395
1642
5570
1926
3143
1857
1535
2369
5318
6027
2793
5479
1518
6599
1419
1111
6275
1396
2132
5080
1190
2906
1421
2624
1337
1725
202
3130
6241
2975
3990
2267
4086
2735
732
2104
2266
1354
6099
6086
4287
3157
4741
5377
1546
4554
4762
6384
717
5603
3696
3584
946
2676
2960
1708
4515
4992
2168
64
4767
2336
2940
529
2077
4049
5180
2986
5228
6474
3053
6125
4898
3434
821
4687
1795
108
3101
1244
240
5368
2283
2539
6032
6193
3000
216
3073
3336
3467
5076
2314
1582
5017
1221
4425
2815
3024
563
5175
3536
1233
4310
4836
6115
2924
3546
5189
6150
3010
3505
5728
3622
3378
2174
1704
1177
6283
3134
4651
5042
5197
894
3107
3109
3346
2961
1401
4571
104
4012
1377
1808
3514
4565
6049
3375
6240
1516
2417
249
442
541
2153
4942
789
4530
6488
3905
3605
6083
3553
4689
5336
3945
2959
4582
3634
187
4727
5381
3253
1662
6208
2113
2333
5364
3139
3620
4692
5996
2288
4936
6352
5494
1470
3491
4719
1838
4308
6168
269
3813
3165
3090
1762
3344
5205
1513
2678
355
4217
5446
3630
2853
4476
225
3291
5711
6070
3104
482
6227
4365
5083
1734
489
72
1057
5802
3359
2914
2290
4873
2760
1987
602
4141
3012
3269
2726
6420
3411
3309
5530
866
5372
106
1114
2871
3886
3288
1210
6043
357
1669
764
1894
3527
3889
405
5280
742
3191
3547
2273
2700
3404
4093
145
2823
5209
2172
3340
112
1399
5323
4532
780
4730
5768
4984
2373
2346
5353
6380
5480
2541
4649
1026
5325
1282
2861
6356
2237
1215
1702
2981
2278
5157
2659
1461
5715
3349
4395
1280
4461
1837
2424
662
4713
3731
5474
5925
2386
6124
5267
35
2783
339
4238
3357
2002
528
6071
4434
5387
4673
2717
2065
2043
4579
3519
1792
5344
183
5182
2650
2489
4463
2396
3433
3069
2609
3079
891
5899
4021
4556
4066
1077
3135
4950
3580
1272
6351
6598
3539
4536
2763
5839
1698
2761
5023
2315
3145
962
3395
3738
4756
4877
5549
3477
2487
1703
2652
291
3318
1616
3470
1128
4739
576
4677
1910
2691
4458
4192
985
979
6149
3324
4059
1473
5202
180
1428
2957
158
146
5077
5220
2350
6606
6067
5204
4647
4216
3133
3798
650
5954
2372
2800
4764
3933
4483
1066
6199
3758
3044
1760
3818
2164
5279
4657
5765
6042
618
3246
661
1916
3672
4092
4378
3916
1327
6047
2136
1634
1994
930
1503
5982
1227
1685
1463
2785
1880
2313
4633
2707
1840
2092
3834
470
2598
4596
6342
6437
5411
6046
1618
4754
2364
263
1235
55
3689
620
4991
1475
6417
4779
5779
848
823
6465
2347
4545
3540
3942
4050
1500
2434
4384
1542
606
6394
3241
2410
257
5717
5745
2359
6406
4079
6445
5276
721
6076
4113
4990
2137
238
1545
4724
906
2070
3794
4169
233
5231
296
5424
4164
5074
3599
4804
1871
5582
4710
2872
409
5356
1017
4224
231
1920
2644
1425
6615
4527
3486
5767
3200
4672
4221
1213
5831
4617
1234
3321
5501
4174
5514
5588
1417
1322
772
53
637
2500
4945
1805
3481
5469
5782
4732
4403
3979
5104
4499
3058
5097
2918
3360
1548
1709
4641
282
4431
542
5863
5445
2295
4058
6354
919
2444
5046
4786
4842
2166
4528
5262
4282
4417
1654
3681
6201
703
4015
4715
3934
1745
1279
663
5166
6191
5731
1460
6434
1897
1073
5068
4098
5935
4693
6612
4016
5676
1426
2964
213
2023
3014
308
952
3450
5045
1673
5816
2048
1488
4218
2455
5735
361
3948
5347
1052
352
3037
5944
3888
2140
5678
5044
806
1977
2169
3326
5380
6454
4841
1270
3372
2780
4930
5692
964
1772
2161
4331
5564
1656
2038
3249
1269
1205
4077
4234
2892
3062
3302
57
1895
4887
121
2354
1988
893
3068
3960
5884
2533
2789
184
1717
6198
5065
4496
5222
5227
5322
3833
3676
275
5598
1686
1013
4961
6019
2824
5258
5966
2778
5315
4324
838
1598
4020
6305
3592
188
6363
2936
1898
628
2275
3576
981
4690
6557
1289
3448
3419
2094
3169
155
2419
4816
2446
1
3198
3353
4379
1679
6224
3717
132
2602
3795
6382
2524
3821
4761
616
3784
6292
6607
5212
2792
4640
2931
5240
2428
4374
4921
4782
4043
3254
4493
578
2850
2170
4300
4109
4214
705
1627
986
2345
3430
1248
2675
2481
4424
588
3628
6216
5449
3639
343
2472
2262
2139
3805
5771
3256
1541
6583
978
6578
3347
5481
5289
3391
2191
4621
4199
6364
148
1782
4603
942
1191
2160
1914
557
683
3206
3355
465
6112
5299
2351
1481
4281
4409
951
3224
2757
4005
2788
5358
2549
724
5455
128
1756
5153
4605
5667
6061
1525
6152
1124
2860
2801
1549
2030
2416
340
456
967
2509
3457
2040
3621
5288
885
431
3186
1989
5163
1873
4048
6196
6260
3709
5403
5611
439
5653
469
5047
4226
3520
4648
4394
6051
235
342
1671
264
899
3061
2583
865
6415
5730
4899
4811
6117
2532
1595
4827
3259
5836
5792
4871
5329
761
1196
2303
3908
160
418
1137
4276
4778
1966
6178
6329
5371
3827
6016
5937
3727
1368
134
2167
4654
3199
123
3771
3967
996
737
2857
4901
267
6614
5130
4968
6254
6282
4541
78
3099
2605
2306
3389
6517
1699
4303
707
3723
5260
2378
1028
1459
4567
4376
5067
495
1369
1131
453
2501
3338
1310
6088
2677
1596
5310
953
3876
3939
538
5938
642
4211
2093
5355
5248
916
598
1288
3623
4912
2934
1517
6577
6447
1019
2259
1604
4890
5183
447
3883
2989
1883
2227
4322
388
3006
5869
553
5631
6270
6463
6521
2480
2101
2575
5753
455
2289
4752
1752
3019
4127
5772
999
3056
1561
369
2935
5952
5594
6511
1284
2085
98
826
1641
3687
755
5055
2701
6456
4728
5689
886
5383
2239
474
5491
6322
5896
646
6024
5595
5229
4505
2432
5522
2808
2399
4241
51
2046
1171
1783
863
2579
1250
3465
3894
4295
1925
5482
2208
512
4863
523
1286
4735
1497
358
2782
3192
2234
6336
2653
1891
5810
2841
4581
3683
828
6338
241
6566
5897
3891
1763
6288
6341
564
1014
4820
5830
251
4031
2067
5992
403
4183
3808
4257
1576
6491
6
272
3842
5417
6231
3848
937
1909
6430
1447
1265
4740
6062
3844
5908
6104
2406
426
3680
3182
1044
585
5277
130
6476
4759
5337
4658
5177
752
1975
3159
5102
5649
2662
2712
3490
5471
2737
5052
2743
4938
5837
5436
45
1103
1985
4072
4518
2746
1398
3363
1913
141
5639
2248
6462
5886
5150
2984
1443
2987
4634
1093
3407
2741
2304
1581
1550
2526
2431
5544
1465
794
6487
1526
638
5043
1214
6526
1976
634
2634
1742
4158
5386
5339
1658
218
2809
6312
3809
5244
4564
5120
2222
217
3702
2429
5752
1363
2408
6155
1193
5140
5113
6373
5187
2608
6022
284
6386
2724
2255
4029
1827
3114
1715
2694
5385
3168
1431
5051
636
2818
2973
619
1291
6158
2260
2435
3982
852
3027
5578
814
514
6119
5877
3940
1231
168
1462
101
6376
5038
6091
6209
6054
5018
2692
6320
124
1053
5225
304
622
5309
5307
1661
5561
5984
5028
172
6296
3925
5551
4601
5926
3387
97
2812
311
2908
2176
5573
2365
6377
1991
4934
593
4364
3279
268
5702
49
3040
2916
621
5865
3522
6280
2893
4549
2292
463
1744
4380
822
3315
2573
3086
301
3803
3219
4335
2451
246
2050
6314
1480
3234
702
1153
4987
3501
4937
566
1457
5408
5979
3679
4245
4046
3067
4275
3991
3789
3629
3969
6538
3055
314
5945
4475
276
5039
1904
4489
892
3394
3608
1495
958
4205
3825
5007
698
1266
144
1539
191
1245
729
6503
232
2445
2540
5063
773
4418
1591
192
2296
293
5185
2514
1736
1666
5249
2866
5693
3695
2582
4283
6253
3824
5283
697
4643
3850
4115
486
321
6494
6015
1692
5020
5931
762
4339
2704
367
4215
4511
3126
6098
4506
2193
1408
4780
5500
5605
4683
3162
4903
100
2486
941
1393
3685
6057
3193
2729
813
1834
4390
3228
558
3641
4597
1358
2449
545
532
4881
2813
2425
5270
690
5345
2912
2768
96
2123
6570
4250
2024
3163
1389
1721
3151
1176
1240
3301
5786
2209
4691
550
4626
6001
1051
5071
800
3330
5699
5956
485
406
1142
744
2795
4609
5265
5628
3647
1121
3762
3548
5805
4995
5359
5094
3262
1809
3678
3837
2637
1385
1062
3812
4105
3381
2632
6179
3756
2519
5703
4210
5754
3591
2121
3854
1015
1476
3859
4085
92
696
2148
5037
2698
4173
2219
4817
5224
2558
6074
2764
1180
6340
994
1304
6550
4312
4030
4717
6387
2873
784
3556
3358
6095
4523
4509
4136
271
2145
1528
3194
173
4060
4401
2263
4456
2889
3865
497
4273
209
6271
6058
3281
5134
4631
5686
76
2116
6306
3983
2727
581
5459
242
2026
1067
6475
2402
2930
1688
3239
4807
5780
4526
6313
3164
5666
4120
5305
273
6547
5635
6525
2362
3741
1161
2636
5498
1340
2941
3017
4949
4642
3791
1911
4944
1587
2855
1663
1076
63
3617
440
2586
1854
2664
5910
1038
1212
1328
5259
1351
2845
5606
5625
4361
3065
3203
2015
2646
2215
4962
4176
2051
6424
583
5774
341
496
6498
3912
6233
833
253
1185
3661
3436
6245
3188
3401
4946
499
868
5905
178
965
6205
2552
3478
500
174
1844
6370
3554
2076
5365
4587
1456
835
1382
5223
2554
1394
6507
4884
2054
2833
522
3064
4650
5423
5708
5291
5022
4264
5105
6593
6534
5539
5203
6486
5688
4253
3961
4707
6122
3396
1593
6255
3896
2205
5331
3958
1821
2777
4627
6539
1510
5351
2910
3316
4932
4910
1070
5300
4053
671
6140
4720
2056
6501
1640
2790
4918
5777
1851
4337
6143
3294
786
1973
1940
3426
2385
3807
1303
4703
5796
4705
5285
767
2052
4228
1411
2944
21
3183
3903
3368
3004
3938
1435
5607
5465
5909
277
1724
4341
2544
3260
6529
5346
1257
5614
3443
5470
3869
5718
3707
1252
3023
1216
3692
4160
324
3594
389
4084
4864
777
1029
3964
5032
4485
1147
211
880
3244
1504
2380
749
220
6189
5477
372
221
147
2865
2404
1099
6128
2253
2787
4983
4711
2977
2527
5870
1557
6562
6464
2705
797
6218
2898
3305
1088
2522
299
3721
5858
6289
2317
5117
1558
1255
478
3718
1520
1537
2301
3535
860
6214
2869
3981
46
4575
4368
3150
4139
1646
5328
4630
5484
6335
3039
5168
34
3209
2495
2423
6050
6225
2122
932
5098
799
4
4373
2702
2261
136
901
6176
6247
6290
2738
5418
1331
200
5327
443
182
3223
3093
189
877
2948
3572
3011
5591
2681
6510
3473
763
1740
3304
741
2720
1206
62
1675
5633
4843
972
2771
3386
1298
3602
4697
1256
3484
1511
6469
3701
4638
1454
5296
3149
1559
897
2185
1786
6367
3589
2565
2909
4067
83
1146
6262
4664
515
5378
1253
1309
4557
2772
4100
667
6077
2990
3583
4892
864
5747
1097
3483
2012
1866
3790
2182
110
1080
2282
2340
138
1624
310
2078
3048
3919
2133
3175
5158
1711
3670
2939
726
975
5879
4188
3245
2
413
808
5441
5504
3265
1297
3201
3666
6244
6559
6515
4927
910
285
1907
5838
548
6090
2654
2725
6188
3021
6229
5964
3642
4907
1184
1852
1653
1208
2203
1348
1862
2125
5861
3733
5360
3873
4563
2580
2642
746
438
4854
4261
5366
1900
42
1544
652
3800
1956
41
2730
4292
3255
832
1767
139
3887
4237
3454
39
1626
2001
2381
6326
3102
1825
333
1189
4935
5517
6588
2407
3059
830
2204
1757
2252
3585
4075
5972
4107
4550
5941
3267
3034
1875
2036
6258
1848
1084
451
1828
5107
334
3563
5630
2328
1796
4794
256
1058
889
6532
6362
77
518
4830
331
955
2279
785
5895
5400
5254
3838
6473
3398
3804
3001
2832
5589
4416
4686
6505
2685
3851
5820
6102
5485
1341
3190
4413
3421
3376
1074
1674
152
6514
1364
1908
2604
2144
1030
3616
5773
747
3356
1981
5146
6175
4857
1287
2736
1362
3845
6144
4055
4466
734
1179
3141
5253
699
3796
3954
5510
4032
1620
2876
2020
3524
2786
4858
6038
840
4766
5763
3306
4699
6186
6520
873
881
6353
6126
3877
6069
2029
5112
3907
4089
1574
1211
3734
1424
6073
3088
5743
140
3902
2590
5890
2284
4346
6617
6194
2084
2766
524
4123
1433
2881
2111
6056
615
332
5096
298
5946
1047
2329
2327
4768
4243
6500
194
5682
4363
398
6291
4114
397
2774
229
6409
6337
1090
4111
6544
6316
4954
4994
3953
5867
2250
2958
5734
4560
1678
5447
4981
2482
5719
5352
5601
6300
5036
196
2405
5428
2398
415
3035
5326
4296
6371
2310
1292
5632
2143
3366
6217
1386
5623
2236
5866
4362
318
2090
1032
801
2621
5613
984
2323
735
4325
874
6165
1079
5216
630
1187
948
2016
6266
927
5741
5167
1701
3899
6065
2622
974
1603
5461
2368
1538
6439
1182
5188
3943
4733
4988
1295
511
3526
1349
5375
5704
1984
2117
589
1625
5316
2473
1072
5621
4774
3050
688
820
3521
4947
6239
2114
2470
3610
2657
1514
5849
4844
316
6449
2751
751
244
2331
1551
3322
3840
3534
3361
4419
4500
1060
6458
872
4006
4408
5916
1816
3714
150
2082
1893
1562
5308
6403
3070
1706
507
6585
4232
4964
3587
4706
4982
6160
484
2270
870
247
1601
4112
161
4953
2341
3227
6252
2878
6106
3417
552
1046
3362
4317
4002
5090
4076
1602
1316
5438
2545
2131
3853
4042
4309
6184
1414
1829
5124
6303
5391
1343
1357
1092
1229
245
4718
348
6220
3146
2911
713
2471
3682
4639
6157
6574
4025
5232
6075
6101
1059
3737
2274
3992
525
4370
4041
3596
349
871
6137
5698
5671
4562
1609
4177
3502
2625
3999
970
4410
1379
4096
1207
4464
360
114
3266
4977
1275
5129
2223
3944
997
450
5486
5900
3475
2660
2607
1839
4248
3708
5694
3839
2572
6197
3370
6078
4277
5487
278
1962
1276
2672
4432
3439
1178
5620
2025
843
4054
1323
3884
6433
1418
1533
903
2074
2375
5273
5997
1613
1615
4865
3333
3597
3761
4157
3463
5218
6418
913
3936
4862
84
2913
5608
3028
3409
2919
5133
3
6372
4330
3476
1063
4897
5657
1162
206
2750
5123
2414
5850
754
5812
1098
4611
6561
5815
6295
125
4900
5536
4612
847
5238
551
2441
4791
4679
770
4749
5841
461
2264
824
1954
2478
3820
5903
2476
3071
2606
5627
2745
5416
4477
5057
6264
4904
2983
4118
153
4193
5733
4288
5524
411
5236
3007
1198
2338
2537
719
6094
2834
5139
5824
641
3920
4449
1339
1151
5085
5089
3083
6616
4382
5132
6575
3243
337
4103
3345
4381
323
580
2491
586
2072
4594
6097
3308
1008
6410
6118
716
2421
6350
6304
5654
3300
2118
673
5412
2765
1299
6082
4360
771
5148
1126
1811
1453
4065
6132
137
1586
5169
325
3802
230
4422
2516
3437
6540
4861
4665
1896
4725
20
4574
2395
5075
6002
6301
2950
3177
5437
1290
1361
394
2112
6107
3900
4624
776
5755
4893
1436
4610
5239
6135
479
143
4213
4263
3462
4592
2447
6495
5940
1033
2868
4809
2073
876
2155
2044
4635
827
458
4834
5002
1605
3673
2217
2710
3655
920
2392
5843
2693
6366
1754
3769
4625
1798
2819
4839
4306
1493
4433
929
6236
1267
5444
4172
476
531
1751
452
1242
2463
4615
3412
6034
601
346