[0.4950306913261303, 0.7782987279933488] 0.8683365446371226 0.6106594399277326 0.6106594399277326 0.9094922737306843 0.7170511800583399 0.54609541846986 0.8639137657013068
[0.4566357794830538, 0.8050904220091123] 0.8900240384615384 0.6689250225835591 0.6689250225835591 0.919205298013245 0.7637957710159875 0.608528076349294 0.8800732245733053
[0.4310443363476609, 0.8216119663713766] 0.8825541619156214 0.6991869918699187 0.6991869918699187 0.9090507726269316 0.780241935483871 0.6230146296699042 0.8917575492899888
[0.42904487656120427, 0.819379328244178] 0.8814980435997765 0.7122854561878952 0.7122854561878952 0.906401766004415 0.7879090681988509 0.6315572830595524 0.891990264641425
[0.404938033221156, 0.8305425322010571] 0.9050809603573423 0.7321589882565492 0.7321589882565492 0.9249448123620309 0.8094881398252184 0.6706477400522692 0.8953557633442413
[0.37893441028695046, 0.8461710188265863] 0.9120819848975189 0.7637759710930443 0.7637759710930443 0.9280353200883003 0.8313667649950836 0.7022488531254556 0.907820192992217
[0.3543565054707933, 0.8499665115262334] 0.9172642029784887 0.7511291779584462 0.7511291779584462 0.9337748344370861 0.8259250062080954 0.6976275890943066 0.9258429699823121
[0.4080220942226843, 0.822951550235118] 0.884453781512605 0.7606142728093948 0.7606142728093948 0.9028697571743929 0.8178727537639631 0.6710135600575875 0.8936389143140879
[0.4121781977845452, 0.8162536269374446] 0.872680412371134 0.7646793134598012 0.7646793134598012 0.8909492273730685 0.8151179585941262 0.6615284814897904 0.8924721469436916
[0.3876039924552915, 0.831658850519432] 0.8955380577427822 0.7705510388437218 0.7705510388437218 0.9121412803532009 0.8283563971837824 0.6903926622600619 0.9022415054908459
[0.36225798354135025, 0.8437151134240358] 0.8974884674525884 0.7908762420957542 0.7908762420957542 0.9116997792494481 0.8408163265306122 0.7084334603146614 0.9144453019217462
[0.3473526083896085, 0.8519758861973552] 0.9098445595854923 0.7931345980126467 0.7931345980126467 0.9231788079470199 0.8474903474903475 0.7232066624298911 0.9174468713046219
[0.4015555179366631, 0.8220584929508405] 0.8844327176781003 0.7570009033423668 0.7570009033423668 0.9033112582781457 0.8157702604039913 0.6682228861198957 0.895757780609447
[0.3691188208783783, 0.8414824759888314] 0.8920863309352518 0.7841011743450768 0.7841011743450768 0.9072847682119205 0.8346153846153845 0.6973558423128741 0.9096263791924158
[0.3922988687423383, 0.8271935708316795] 0.8786333503314635 0.7782294489611563 0.7782294489611563 0.8949227373068432 0.8253892215568862 0.6783744966770869 0.8983998077655536
[0.40589214566962795, 0.8169234181573599] 0.8871319520174482 0.7348690153568203 0.7348690153568203 0.9086092715231788 0.8038537549407114 0.6542508635273978 0.8907487172737805
[0.36096925174825345, 0.8434918524564763] 0.9116402116402117 0.7782294489611563 0.7782294489611563 0.9262693156732892 0.8396686159844056 0.7131916010519723 0.9124349164757284
[0.3528716529445686, 0.8425987948661245] 0.9033264033264033 0.7850045167118338 0.7850045167118338 0.9178807947019868 0.8400193330111164 0.709919970093404 0.9160846788747504
[0.36121227798996347, 0.8412592072230307] 0.8822055137844611 0.7949412827461608 0.7949412827461608 0.8962472406181016 0.8363031598954621 0.6952999274956494 0.9147100231120044
[0.42761472947471346, 0.806430007190304] 0.8514801806322128 0.7664859981933153 0.7664859981933153 0.8693156732891832 0.8067506536724507 0.6396469969175801 0.88067744695107
[0.38534924180333596, 0.8332216997156188] 0.897206114918292 0.7687443541102078 0.7687443541102078 0.9139072847682119 0.8280223789832158 0.6907330941046655 0.8974604712934547
[0.3820026016083645, 0.82741683575159] 0.8757606490872211 0.7800361336946703 0.7800361336946703 0.891832229580574 0.8251313903487817 0.6766693117050119 0.9058808983969163
[0.3156281964444614, 0.8635856199541324] 0.9223200414293112 0.8044263775971093 0.8044263775971093 0.9337748344370861 0.8593486127864898 0.7452582916579402 0.9351557717196011
[0.27484334894165074, 0.8687206972095152] 0.9012158054711246 0.8035230352303523 0.8035230352303523 0.9139072847682119 0.8495702005730659 0.7224789515575447 0.9540093046257909
[0.37847621210267113, 0.8260772476560384] 0.8816930137684854 0.7809394760614273 0.7809394760614273 0.8975717439293598 0.8282634730538923 0.6837751057496454 0.9061691503596419
[0.39583492408801624, 0.8122348730307015] 0.9045005488474204 0.7443541102077688 0.7443541102077688 0.9231788079470199 0.8166501486620417 0.6794001445237807 0.8940628670451531
[0.3731908742325943, 0.8242911373592163] 0.8801631820499745 0.7795844625112918 0.7795844625112918 0.8962472406181016 0.8268263473053892 0.6810748012133662 0.9089837697493972
[0.37302698594540673, 0.8209421763358358] 0.8743030917384693 0.7791327913279132 0.7791327913279132 0.8905077262693156 0.8239789825650823 0.6743891258339043 0.9091337285705454
[0.37256523247514617, 0.8300960052090581] 0.8640632723677706 0.7895212285456188 0.7895212285456188 0.8785871964679912 0.8251121076233183 0.6712089474794449 0.9121582304859104
[0.35220630022797583, 0.8448314353886873] 0.8921370967741935 0.7994579945799458 0.7994579945799458 0.9055187637969095 0.8432586946164841 0.7095640469049834 0.9183912928165338
[0.38789938367299404, 0.8193793244648256] 0.8814002089864159 0.7619692863595302 0.7619692863595302 0.8997792494481236 0.8173449612403101 0.6688076762039118 0.8997171321970762
[0.38111478804903226, 0.8448314380901257] 0.8743866535819431 0.8048780487804879 0.8048780487804879 0.8869757174392936 0.8381937911571026 0.6946263299995251 0.9085073713135955
[0.3723716970119766, 0.8283098912659594] 0.8486905916585838 0.7904245709123758 0.7904245709123758 0.8622516556291391 0.8185219831618336 0.6546935310908769 0.9129293618175328
[0.5267994657671308, 0.7311299697742658] 0.9627118644067797 0.3849977406235879 0.3849977406235879 0.9854304635761589 0.5500322788896062 0.46508101584920625 0.8473688988108597
[0.49454816358597375, 0.7597141566953791] 0.9636194029850746 0.46678716674197923 0.46678716674197923 0.9827814569536424 0.6289193302891933 0.5267458091217604 0.868470077975918
[0.4701360588017294, 0.7762393936241988] 0.9443079443079443 0.5210122006326254 0.5210122006326254 0.9699779249448124 0.6715200931857892 0.551227475989166 0.8849738002112741
[0.45855552339431377, 0.7836087549462176] 0.9403453689167975 0.5413465883416178 0.5413465883416178 0.9664459161147902 0.6871236019501004 0.5627041632795902 0.8806951497722169
[0.4262905650875727, 0.8124162572310832] 0.9638989169675091 0.6032535020334387 0.6032535020334387 0.977924944812362 0.7420789327404114 0.6286652621820406 0.8925171248761832
[0.4032056345011625, 0.8240285841893703] 0.9628378378378378 0.6439222774514234 0.6439222774514234 0.9757174392935982 0.7717303005686433 0.6585934162993055 0.9054948233845956
[0.3958891825438504, 0.8220187566172815] 0.9419141914191419 0.6448260280162675 0.6448260280162675 0.9611479028697572 0.7655579399141631 0.6403340690314419 0.9184006009043489
[0.43465185137453116, 0.8153193412267933] 0.928071292170592 0.6588341617713511 0.6588341617713511 0.9501103752759382 0.7706131078224102 0.6379577834200773 0.8754638704265085
[0.4313866063227021, 0.8177757913537087] 0.9217171717171717 0.6597379123361952 0.6597379123361952 0.9452538631346579 0.7690281801422174 0.6326265710263957 0.8813561046555125
[0.41533186565876645, 0.8278249195506925] 0.9393564356435643 0.6859466787166743 0.6859466787166743 0.9567328918322295 0.7928963175763907 0.669058067848361 0.8897680672805387
[0.38645732609115047, 0.8416703904830435] 0.9365737996443391 0.7139629462268414 0.7139629462268414 0.9527593818984548 0.8102564102564102 0.6879111523166818 0.9065996734128752
[0.3709321767491068, 0.8519428321270605] 0.9565992865636147 0.7270673294170809 0.7270673294170809 0.9677704194260486 0.8261874197689346 0.7173426213072549 0.9096436968385688
[0.43347157462732555, 0.8197856188991763] 0.9243076923076923 0.6787166741979214 0.6787166741979214 0.9456953642384106 0.7826993225638353 0.6492597933056243 0.8848981884090499
[0.3958247513803535, 0.8470299247653956] 0.9538369304556354 0.7189335743334839 0.7189335743334839 0.9660044150110375 0.8198917804689514 0.708312460000028 0.8995609926891968
[0.41054240876060877, 0.8343010256470395] 0.9239698200812536 0.719385449615906 0.719385449615906 0.9421633554083885 0.8089430894308942 0.6798032853618802 0.8920373191127284
[0.4253565902526808, 0.8217954466576127] 0.9405063291139241 0.6714866696791686 0.6714866696791686 0.9584988962472406 0.7835486422356975 0.6591400114645504 0.8833766754547929
[0.3944539562659692, 0.8380973645223471] 0.9529339853300733 0.7044735652959783 0.7044735652959783 0.9660044150110375 0.810080540400104 0.6961545132915073 0.9022054107326863
[0.39221134013818704, 0.8416703864366362] 0.9426180514046623 0.7126073203795752 0.7126073203795752 0.9576158940397351 0.8116314976839938 0.692675573912912 0.9027599305329036
[0.3886431221679259, 0.8436802162981395] 0.9357060849598163 0.736556710347944 0.736556710347944 0.950551876379691 0.8242730720606827 0.7046412513205496 0.900946244796701
[0.44405854553609836, 0.8246985267932632] 0.9186320754716981 0.7040216900135563 0.7040216900135563 0.9390728476821192 0.7971348170887695 0.6628391384414745 0.8726802987364449
[0.40980958476057006, 0.8398838781149806] 0.9362079149438866 0.7162223226389517 0.7162223226389517 0.952317880794702 0.8115719406041988 0.6893047329878744 0.8883028142952192
[0.4131540977073706, 0.8320678895262003] 0.9228958210712184 0.7085404428377767 0.7085404428377767 0.9421633554083885 0.8016359918200409 0.6704512257208822 0.8936369376621589
[0.3637072082813588, 0.8528360870066579] 0.9423963133640553 0.7392679620424762 0.7392679620424762 0.9558498896247241 0.8285641934667005 0.7133040115835846 0.9229577581399895
[0.33678682939103266, 0.8450200998287959] 0.9411064842355741 0.7148666967916855 0.7148666967916855 0.9562913907284768 0.8125321006676939 0.6929781608595939 0.9433750395266183
[0.40709150823140156, 0.8372041070338816] 0.9374255065554231 0.710799819249887 0.710799819249887 0.9536423841059603 0.808532510922642 0.6862889809937669 0.8933173331577703
[0.4327297650607051, 0.8242518986480052] 0.9363017934446506 0.684139177586986 0.684139177586986 0.9545253863134657 0.7906005221932115 0.6647887959242299 0.8786928335373256
[0.403016545161332, 0.8331844550309941] 0.9336949969861362 0.6999548124717578 0.6999548124717578 0.9514348785871964 0.800103305785124 0.6743649041513613 0.8989800386837163
[0.38922026061276976, 0.8296114338088536] 0.9395933014354066 0.709896068685043 0.709896068685043 0.9554083885209713 0.8087516087516087 0.6876750587927601 0.903796550386089
[0.38769704192650534, 0.8439035272694102] 0.9364431486880467 0.7257117035698147 0.7257117035698147 0.9518763796909492 0.8177189409368637 0.6968961494805708 0.9067495004932723
[0.37832143374349775, 0.852612772281812] 0.9419206440483037 0.7401717126073204 0.7401717126073204 0.9554083885209713 0.8289473684210527 0.7135528620022502 0.907501728198514
[0.4251109814140721, 0.8215721281259494] 0.9361702127659575 0.676005422503389 0.676005422503389 0.9549668874172186 0.7850957753870376 0.6584919642413907 0.8883095974120414
[0.4097746479399452, 0.8383206797263728] 0.9155405405405406 0.7347492092182558 0.7347492092182558 0.9337748344370861 0.8152419152669843 0.6832469292148872 0.8960706800772876
[0.4060883560501182, 0.823805268586028] 0.9283980582524272 0.6913691821057388 0.6913691821057388 0.9479028697571744 0.7925407925407926 0.6627331685503146 0.906830598639985
[0.49471656133575914, 0.7637338100293216] 0.9224062772449869 0.4780840488025305 0.4780840488025305 0.9607064017660044 0.6297619047619049 0.5025889689413874 0.8597445957012995
[0.45821285531317457, 0.7912014272661282] 0.9329268292682927 0.5530953456845911 0.5530953456845911 0.9611479028697572 0.694468085106383 0.5648992991880692 0.8806949502687811
[0.428672813434801, 0.8115230018456848] 0.9093351242444594 0.6118391323994578 0.6118391323994578 0.9403973509933775 0.731496488384657 0.5860566504214159 0.8952771551608046
[0.4366095791362449, 0.804153642094311] 0.9213250517598344 0.6032535020334387 0.6032535020334387 0.9496688741721855 0.7291097760786456 0.5908879676867657 0.8853640289319883
[0.4076005890200105, 0.8213488171014364] 0.9320512820512821 0.6570266606416629 0.6570266606416629 0.9532008830022075 0.7707394646170156 0.6403415361834912 0.8951069787299413
[0.39708787314643706, 0.8296114341283068] 0.9136094674556213 0.6976954360596476 0.6976954360596476 0.9355408388520972 0.7911862669741224 0.6531318438291712 0.8991710632236364
[0.3554096701902276, 0.8447967839060004] 0.9516331658291457 0.684591052869408 0.684591052869408 0.9660044150110375 0.7963206307490145 0.6795417568823687 0.9305629288700424
[0.4168071741901268, 0.822018759359255] 0.9087719298245615 0.7022141888838681 0.7022141888838681 0.9311258278145695 0.7922508284476166 0.6517494018018573 0.8836569777822998
[0.41013470402568936, 0.8287181794882992] 0.9053356282271945 0.7130591956619973 0.7130591956619973 0.9271523178807947 0.7977755308392315 0.6564791411715871 0.8891168880656047
[0.4147241416654719, 0.8229120154634231] 0.8946478873239436 0.7175779484862178 0.7175779484862178 0.917439293598234 0.7963891675025074 0.6490649029854687 0.8851724058817604
[0.3857808817891789, 0.8369807935602274] 0.9157366071428571 0.7415273384545865 0.7415273384545865 0.9333333333333333 0.8194756554307117 0.6886791316903202 0.8988171441282647
[0.35848204101393827, 0.8546225998805218] 0.9468267581475128 0.7483054676909173 0.7483054676909173 0.9589403973509933 0.8359414437152952 0.7247672397998072 0.9098970662022228
[0.4204125990820762, 0.8177757948144518] 0.8935447338618346 0.7130591956619973 0.7130591956619973 0.9169977924944812 0.7931641115858256 0.6445616327298149 0.8867479842671591
[0.36224517487105967, 0.8568557403672216] 0.9440677966101695 0.755083596927248 0.755083596927248 0.9562913907284768 0.8390660306301783 0.7274655607534967 0.9078997375532301
[0.4071185247953474, 0.8358642231305299] 0.9161576901721266 0.745594215996385 0.745594215996385 0.9333333333333333 0.8221225710014948 0.6922567511542554 0.8877227580552007
[0.4016242461872186, 0.8300580621404593] 0.9307228915662651 0.6981473113420696 0.6981473113420696 0.9492273730684326 0.7978311386522078 0.6701252527609459 0.8933850645742746
[0.3839816758413302, 0.8461366681288054] 0.9335624284077892 0.736556710347944 0.736556710347944 0.9487858719646799 0.8234402626925991 0.7025383875029019 0.8998817942142009
[0.381878419146574, 0.8485931215301162] 0.935042735042735 0.7415273384545865 0.7415273384545865 0.9496688741721855 0.827116935483871 0.7078867425549863 0.9017786728831938
[0.3603922172335974, 0.8508262629219334] 0.9257425742574258 0.7605061003163127 0.7605061003163127 0.9403973509933775 0.8350285289010171 0.7135842417932038 0.9126229813992971
[0.4340837083926633, 0.8173291647524746] 0.8945030538589672 0.727971079981925 0.727971079981925 0.9161147902869757 0.8026905829596414 0.6567310347870038 0.8744581736058948
[0.4018870757434346, 0.8410004483583304] 0.92071468453378 0.7451423407139629 0.7451423407139629 0.9373068432671081 0.8236763236763236 0.6964877828061472 0.8892113529425261
[0.40171630923478613, 0.8291648032144544] 0.9054203539823009 0.7397198373248983 0.7397198373248983 0.9245033112582781 0.8142253170853022 0.6768368153211866 0.8963484886118451
[0.33975089481495596, 0.8595355088394526] 0.9255029907558455 0.7690917306823317 0.7690917306823317 0.9395143487858719 0.8400789733464956 0.7201436315461671 0.9262372953718196
[0.2899178650601201, 0.8628852173067086] 0.9431306306306306 0.7568910980569363 0.7568910980569363 0.9554083885209713 0.8398094760591627 0.7279864374430826 0.9532804848731508
[0.38404862964030834, 0.838767305049794] 0.9301014656144306 0.745594215996385 0.745594215996385 0.9452538631346579 0.8276899924755455 0.7061991868320425 0.9013880451556078
[0.41483078202854157, 0.8128628867340173] 0.9178885630498533 0.7071848169905106 0.7071848169905106 0.9381898454746137 0.7988769780500254 0.6645070526137897 0.8848813303687123
[0.3916185513012321, 0.8293881196430508] 0.9065420560747663 0.7451423407139629 0.7451423407139629 0.9249448123620309 0.8179563492063492 0.6821510997890267 0.89938652693446
[0.3746095016339146, 0.8302813771315162] 0.9086932750136687 0.7510167193854496 0.7510167193854496 0.9262693156732892 0.822365165759525 0.6888887606989903 0.9078982412774604
[0.3671479186025673, 0.8430102725495393] 0.9168017287952458 0.7668323542702215 0.7668323542702215 0.932008830022075 0.8351377952755905 0.7095288442542806 0.9117693061968761
[0.34733457163861414, 0.8588655668744661] 0.9349726775956284 0.7731586082241302 0.7731586082241302 0.9474613686534217 0.8464011872372 0.7329031229646206 0.9180539636843895
[0.4035403705790619, 0.8175524771879059] 0.924179104477612 0.6995029371893358 0.6995029371893358 0.9439293598233995 0.7962962962962964 0.6648270969257488 0.8921929317927677
[0.3931387732901068, 0.8423403288808025] 0.8958990536277602 0.7699954812471758 0.7699954812471758 0.9125827814569536 0.8281895504252733 0.6903972902983952 0.8996289236091369
[0.3873873824331046, 0.8224653847092973] 0.8938977460142936 0.7347492092182558 0.7347492092182558 0.9147902869757174 0.8065476190476192 0.6612335121650652 0.9064850586889233
